115
32
qimg0001.JPG
D:/1000city/qimage/qimg0001.JPG
83 476 1585 2646 3643 3867 3918 3753 3778 3631 3713 3700 3781 4032 4036 4894 6132 5855 3505 2080 766 474 470 315 347 276 309 313 272 303 442 3405 
30 356 1091 2585 3386 3909 4110 4271 4270 4125 3709 3567 3521 3413 4006 4578 6589 6140 3385 1736 1436 527 348 347 297 321 316 280 286 335 471 3059 
97 480 994 1899 2829 3622 4314 4601 4998 4783 4455 3852 3113 3273 4102 5253 3506 2680 3328 3687 3336 1647 689 331 333 301 296 271 345 504 1000 1881 
qimg0002.JPG
D:/1000city/qimage/qimg0002.JPG
149 506 1215 1975 2505 3608 4041 4964 6323 6023 5562 5790 4901 3755 2679 2294 2093 1716 1523 1584 1471 1269 786 370 215 124 122 113 125 89 213 8697 
67 387 1058 1878 2434 3124 3273 4162 5156 7207 5949 5933 6487 4122 2761 2354 2187 1829 1818 1935 1356 862 600 305 163 138 94 114 103 96 218 8630 
438 595 1135 1719 2084 2333 2465 2435 2643 2713 3099 3821 5080 6095 7288 4987 5017 6101 3420 1411 1093 842 358 200 141 115 114 84 110 236 662 7966 
qimg0003.JPG
D:/1000city/qimage/qimg0003.JPG
2446 3060 3756 3804 3482 3089 2831 2585 2881 2802 2851 3143 3407 4030 3554 2696 2103 2003 1983 2118 2549 2311 2375 558 269 221 235 212 290 471 1146 7539 
689 2964 4358 4331 3868 3081 2704 2726 2839 2977 3089 3456 3871 4244 3200 2453 2011 2019 2232 2287 2634 2343 1945 307 221 252 228 259 464 1152 1640 5956 
3566 3174 3009 3260 3366 3429 3375 3222 3117 3280 3552 3590 4116 3512 2581 2023 1972 1988 2058 2012 2335 2225 1856 391 272 299 575 1277 1443 907 705 4313 
qimg0004.JPG
D:/1000city/qimage/qimg0004.JPG
130 915 2388 3571 3627 3389 3339 3267 3533 3906 3875 3968 4172 4039 3552 3004 2746 2434 1955 1232 880 722 610 565 501 448 335 305 279 335 798 11980 
2 245 981 2917 3616 3791 4083 4112 3740 3526 4136 3862 3748 3246 2725 2247 2097 2162 2492 2281 1981 1773 1482 878 533 366 288 270 262 361 812 11785 
317 809 2024 2365 2647 2674 2375 2080 2169 2802 3142 3160 3263 3471 3768 3775 3659 3499 3107 2613 2315 2269 1901 1516 999 489 346 300 299 486 1285 10876 
qimg0005.JPG
D:/1000city/qimage/qimg0005.JPG
773 1606 3141 3635 4155 4371 3941 3443 3773 3394 3267 3016 2679 2785 3184 4467 6825 5567 2145 1065 758 654 425 295 299 271 292 272 303 307 419 5273 
172 953 2178 3534 4057 4973 4295 3586 3820 3229 3143 2571 2360 2321 2652 3221 3424 4309 5473 5821 2196 615 404 319 280 289 368 359 265 318 612 4683 
1712 1958 3312 4523 4444 4045 3201 2811 2831 3084 2612 2439 2577 2666 2602 2638 2790 2672 3061 4024 4720 3935 1036 312 366 444 328 395 451 446 1065 3300 
qimg0006.JPG
D:/1000city/qimage/qimg0006.JPG
83 370 1164 1866 2581 3238 4521 5432 5848 6062 5742 5398 5430 5119 3987 3533 2400 1975 1687 1479 1535 1230 607 370 249 166 127 123 123 177 366 3812 
5 113 464 1017 1840 2934 3769 4277 4989 5915 6096 5842 5468 4907 4490 4616 3792 3119 2322 1637 1441 1353 1045 398 176 122 119 103 139 163 386 3743 
45 372 572 1081 1773 3000 3945 4261 4615 4500 4394 4444 4909 4866 4917 4596 4049 3812 3831 2867 2277 1334 994 499 175 115 113 131 134 237 595 3347 
qimg0007.JPG
D:/1000city/qimage/qimg0007.JPG
749 1593 3028 4088 4052 3826 4076 3608 3176 2331 1946 2191 2233 3077 3941 2701 2392 1922 2193 3290 4920 4580 5237 3886 730 206 231 353 187 40 17 0 
1227 3157 6361 6023 3930 2141 1862 2371 2491 1932 2250 3163 3638 3826 2486 1732 1726 2144 3220 4187 5794 5575 3730 599 262 271 416 138 73 49 21 5 
11196 4234 3091 2303 1849 2007 2372 2582 2921 3927 4433 2983 2125 1915 1829 1926 2755 3762 4647 5122 4996 2409 355 260 428 175 76 36 32 20 28 6 
qimg0008.JPG
D:/1000city/qimage/qimg0008.JPG
7450 4668 3425 3249 3387 3120 2124 1835 2167 3929 5028 3467 2103 1998 1838 2462 4034 6288 6919 2523 429 254 219 187 153 111 85 74 102 134 154 2884 
2375 7815 5065 4479 3785 2525 1728 1950 2904 3792 4333 2863 2064 1924 2057 2235 3146 5494 7618 4061 352 240 210 193 116 97 77 93 121 112 118 2858 
9423 2968 2074 2174 1844 1934 2374 3227 4488 5267 3992 2992 2477 2827 2433 2593 3879 5247 6390 3828 445 237 160 120 85 84 110 107 75 112 914 1920 
qimg0009.JPG
D:/1000city/qimage/qimg0009.JPG
11 236 1099 2617 4214 3990 2918 2449 2465 2659 2452 2312 2373 2348 2204 2171 2260 2502 2962 3434 4137 4314 4055 3094 1765 1187 1009 592 350 251 398 7972 
6 114 623 1695 3159 4137 3433 3008 2726 2743 2543 2360 2412 2397 2284 2226 2361 2469 3082 3696 4772 4765 4288 2606 1626 1274 775 412 248 225 346 7989 
89 565 1588 3311 4083 3153 2047 1706 1874 2070 2356 2825 2990 2791 2609 2552 2790 3098 4115 4094 4172 3759 2830 2467 1902 1243 669 374 241 206 423 7808 
qimg0010.JPG
D:/1000city/qimage/qimg0010.JPG
1078 2102 3547 3633 3299 3528 3459 3524 3122 2564 2237 1979 1907 2125 2300 1901 2443 4377 5919 9205 7610 3142 230 139 125 47 39 73 824 299 22 1 
1266 3134 3652 3491 3466 3195 3299 3505 3096 2645 2174 1967 1864 2156 2228 1926 3225 5464 7735 9385 6026 301 165 125 47 35 113 1045 62 8 0 0 
1326 1030 2139 3670 3951 4652 4557 3745 3101 2794 2544 2214 2200 2036 2106 3234 5097 6598 8284 7653 2160 221 159 57 40 108 1015 91 12 5 1 0 
qimg0011.JPG
D:/1000city/qimage/qimg0011.JPG
449 1543 3146 3873 3625 3383 3513 3636 2923 2358 1932 1677 1483 1666 1710 1721 2642 3957 4922 8734 7596 5189 563 176 134 128 103 132 649 2901 326 10 
691 2437 3183 3844 3312 3271 3241 3327 3024 2417 2060 1677 1452 1573 1875 2469 2651 3921 5304 8524 9210 2728 212 135 134 104 139 1822 1926 119 17 1 
634 717 1476 3130 3950 4250 4385 3532 3049 2552 2359 2124 1866 2041 2641 2623 3798 4795 7082 8197 6293 859 178 146 78 105 1109 2509 281 37 4 0 
qimg0012.JPG
D:/1000city/qimage/qimg0012.JPG
142 793 2203 3322 3517 3686 4121 3728 3869 3911 3794 3555 3623 3364 3076 2996 3394 2611 2272 2260 2733 3489 1176 234 238 214 368 401 338 388 668 6316 
166 769 2383 4014 4327 4542 4077 4014 4054 3942 3937 3858 3754 3281 3522 3087 2536 2460 3471 4222 917 327 222 201 258 267 399 406 372 512 1310 5193 
783 2120 4279 5404 4962 4570 4436 4208 4032 3988 4213 4285 3600 2652 2413 3945 4577 1606 788 545 304 234 221 231 275 328 369 444 493 1271 2753 2471 
qimg0013.JPG
D:/1000city/qimage/qimg0013.JPG
351 1417 2089 2027 2955 4221 4246 3793 3581 2983 2869 3080 4312 5652 7489 10611 3980 2200 1319 790 423 303 348 233 210 245 194 131 77 88 213 4370 
215 1486 1859 2247 2560 3968 4360 3856 3588 3187 2681 2616 2876 4168 5768 6913 9450 5760 1868 634 442 359 278 195 243 237 167 110 61 87 216 4345 
1012 1734 2002 2406 3344 4398 4449 3159 2514 2552 2882 3179 3016 3214 4009 4497 5073 8079 7417 1583 382 265 214 232 224 138 82 69 79 104 308 4184 
qimg0014.JPG
D:/1000city/qimage/qimg0014.JPG
590 990 1483 2277 2934 3438 3599 3761 3764 4148 5831 8699 10388 5014 1810 1218 1063 1143 1061 984 941 836 799 516 215 136 103 79 52 74 215 8639 
136 624 798 1468 2442 3065 3380 3721 4008 3863 4174 5085 6204 9064 8454 2803 1171 1153 1104 1069 1084 971 800 676 293 117 88 56 44 56 210 8619 
827 905 1554 2238 2676 2963 3233 3522 3812 3793 3902 4644 5427 6874 7962 4672 1921 1070 1048 1228 1046 849 690 509 322 140 49 33 48 105 620 8118 
qimg0015.JPG
D:/1000city/qimage/qimg0015.JPG
347 894 1956 3281 4504 4760 4737 4633 4350 4322 4266 3614 2664 2506 2536 2933 3065 2451 2651 893 432 435 438 486 476 573 617 681 816 863 1301 8319 
115 530 1446 2938 4156 4512 4373 4440 4328 4171 3887 3886 3231 3170 2844 2480 2793 2760 2245 2841 860 519 486 505 531 601 717 791 845 1013 1805 6981 
224 642 1582 2813 4049 4448 4139 4079 4287 4038 3745 3487 3361 3370 3085 3017 2871 2652 1971 2059 2286 686 552 551 611 727 777 804 904 1568 3910 3505 
qimg0016.JPG
D:/1000city/qimage/qimg0016.JPG
871 3364 2705 2219 2434 2882 3522 4419 5089 5570 6315 5610 4770 4037 4003 5967 5219 2361 1602 1203 857 421 182 89 47 32 19 23 37 58 133 740 
192 2687 2785 2769 2713 3409 3889 3720 3366 3223 3558 3374 3276 4245 4617 4910 4562 3142 2283 2818 4789 4497 751 111 70 36 33 35 52 95 487 306 
2560 3449 2452 2463 2585 2762 3145 3146 2885 3178 3124 2867 3121 3501 4435 4638 4710 3935 3061 2292 2510 3796 4194 805 72 64 65 76 95 233 486 95 
qimg0017.JPG
D:/1000city/qimage/qimg0017.JPG
1225 1756 2647 2654 2816 3144 3951 4680 5129 6109 6240 5225 4141 4023 7054 5800 2300 1549 1024 551 301 214 162 162 135 139 132 122 112 130 216 2957 
280 1104 2001 3247 4132 4040 3397 3352 3640 3435 3274 2746 2944 3466 3995 4436 3538 2529 3111 5579 7118 1291 184 158 147 123 118 109 119 152 1490 1545 
833 1893 3034 3363 3462 3152 3312 3280 3223 2713 2697 2449 2766 3202 3605 3919 4560 3360 2449 2636 5414 6277 1346 177 113 117 108 118 140 1214 1619 249 
qimg0018.JPG
D:/1000city/qimage/qimg0018.JPG
0 0 1 3 84 610 356 626 1130 1741 3010 4713 6567 7126 5905 4937 4632 4546 3735 2780 1593 869 588 378 233 203 154 114 103 104 309 19650 
0 0 0 12 465 458 561 1033 1482 2665 4571 6832 6535 5614 4843 4437 4556 4002 3033 2049 1027 747 581 429 256 202 147 111 105 119 467 19461 
0 0 4 224 1010 1008 1389 2211 4144 5865 6338 5925 5210 4559 4169 3948 3200 2584 1432 936 692 582 434 292 204 163 111 112 144 1939 6540 11431 
qimg0019.JPG
D:/1000city/qimage/qimg0019.JPG
866 1799 3020 3953 5158 5084 4960 4349 3885 3075 2375 2031 1884 1947 1811 1886 1787 1917 2180 2565 2957 2928 2129 1433 1248 2557 4277 1873 345 188 178 155 
377 815 1753 2731 3514 4265 4922 4937 4526 3976 3304 2472 2051 1867 1704 1731 2059 2201 2281 2502 4423 5353 3833 3211 2435 1498 685 429 263 221 247 214 
723 1148 1854 2802 3573 4154 4615 4578 4209 3700 3335 2908 2456 2174 2210 3525 4231 3929 3238 1927 1685 1676 1511 1469 1489 1798 1950 1834 1035 537 338 189 
qimg0020.JPG
D:/1000city/qimage/qimg0020.JPG
4504 2789 2603 2694 2485 2521 2383 2462 2320 2340 2355 2418 2354 2440 2432 2541 2658 3244 3573 4065 3795 2065 2146 3664 4919 3832 883 177 88 37 11 2 
2776 2371 2205 2201 2561 2147 2275 2311 2499 2407 2272 2244 2371 2649 3031 2825 4571 3296 2906 2801 2592 2427 2084 1939 1846 2316 4977 4491 1276 114 14 5 
3416 2159 2102 2229 2544 2609 2462 2379 2827 2935 2560 3525 4147 2580 2010 1774 1856 2276 2649 2868 2846 2527 2323 1832 1612 1527 2533 4425 3853 1325 85 5 
qimg0021.JPG
D:/1000city/qimage/qimg0021.JPG
1015 1263 1281 1447 1681 2075 2855 3521 3548 3353 3293 3131 3144 2912 2821 3038 2867 3329 4288 5063 3941 3108 2451 8887 1308 443 275 170 118 108 52 14 
219 666 932 1035 1054 1212 1449 2042 2651 3158 3387 3322 3188 3034 2888 2776 2684 2702 2553 2807 9682 5756 3675 4590 3526 3081 1322 563 324 216 161 145 
124 467 676 615 762 816 936 1128 1327 1627 2347 3037 3361 3513 3327 3140 4260 9691 3794 2640 2371 2211 2268 2350 2274 2703 3064 3345 3266 2353 2075 932 
qimg0022.JPG
D:/1000city/qimage/qimg0022.JPG
109 396 1238 2263 2049 1870 1926 2091 2198 2271 2349 2640 2544 2436 2409 2679 2548 2563 2448 1981 1692 1576 1881 2925 7652 16159 2577 843 289 146 43 9 
58 316 947 1970 1693 1589 1667 1829 2060 2260 2462 2585 2404 2210 2278 2538 2659 2679 2655 2121 1880 5393 14092 2435 1840 2833 3973 3390 1444 322 174 44 
136 302 886 1701 1749 1570 1665 1847 1879 2281 2420 2349 2208 2294 2305 2462 2630 2569 7018 11886 4667 1907 1541 1577 1833 2488 2018 2052 2654 2631 1016 259 
qimg0023.JPG
D:/1000city/qimage/qimg0023.JPG
36 231 761 1532 2031 2111 2265 2837 2898 3341 4542 3548 2886 2445 2503 2797 3005 3072 3279 3178 2906 2799 2470 2227 1960 1800 2297 4509 5741 175 322 296 
6 47 454 1183 1771 1926 1957 2367 2753 2826 3281 4787 3764 2687 2363 2340 2351 2438 2791 3003 2968 2922 2882 3278 9077 4969 1685 1503 1115 532 468 306 
47 280 829 1323 1634 1795 2019 2391 2646 2737 2861 3250 3779 3652 2995 2368 2180 2160 2547 3031 5467 9864 3430 2694 2338 2064 1631 1370 1235 1236 722 225 
qimg0024.JPG
D:/1000city/qimage/qimg0024.JPG
185 673 1164 1900 2168 2047 1992 2079 2148 2178 2114 2117 1972 1934 1955 1927 2137 2312 2574 3111 2979 2387 1594 1505 2307 16849 2138 3447 3602 926 311 68 
35 449 1049 1878 2256 1920 1795 1844 1951 2039 2279 2019 1757 1687 1688 1777 1846 2044 2139 2518 2805 10150 11857 4517 1419 1090 2228 5037 1497 692 437 101 
295 783 1504 2178 1903 1701 1703 1683 1762 1883 1771 1795 1837 1716 1706 1634 1790 3865 10684 7278 5304 3343 3228 2262 1737 2686 5083 1838 594 647 425 182 
qimg0025.JPG
D:/1000city/qimage/qimg0025.JPG
194 2825 3240 3040 2112 1854 1615 1806 2291 2691 2484 2045 1805 1638 1548 1559 1731 1601 1439 1257 1348 1396 1488 1550 2745 22720 3859 1865 607 335 101 11 
26 1934 2913 3422 2229 1971 1568 1675 2043 2386 2381 2326 2134 1722 1632 1570 1967 1580 1468 1451 1414 2110 16417 5212 1156 1477 4132 3786 1607 573 398 120 
1420 2817 3341 2250 2011 1852 1661 1811 2004 2062 2087 1891 1776 1788 2096 2082 1808 1687 6446 12367 4921 1222 1005 968 957 1054 1883 4072 3080 1069 871 441 
qimg0026.JPG
D:/1000city/qimage/qimg0026.JPG
32 313 1144 1498 1830 2113 2518 3394 4462 4103 3373 2838 2478 2697 2723 2566 2781 2718 2503 2736 3329 4124 5119 6674 5963 1172 380 400 520 266 19 14 
10 255 989 1507 1561 1838 2191 2823 3885 4648 3691 2943 2653 2744 2308 2223 2395 2613 2466 2258 3120 6731 4229 4662 4432 4465 1258 546 275 355 570 156 
150 677 1128 1273 1445 1837 2214 2463 3412 3948 4490 3287 2817 2269 2251 2349 2395 4203 4725 3069 2221 2289 3041 3667 4678 4836 2852 715 641 376 338 744 
qimg0027.JPG
D:/1000city/qimage/qimg0027.JPG
47 1053 2801 2732 2560 2452 1879 1767 1944 2244 2299 2971 2948 2878 2696 2502 2200 2157 2307 2500 2563 2226 1801 1056 962 1309 2282 8858 10189 369 167 81 
6 472 2412 3254 2559 2469 1675 1588 1771 2049 2347 2716 3026 2819 2913 2526 2079 1939 1814 2196 2397 2457 2098 3094 10972 5588 1281 2431 2898 457 237 260 
549 2277 2723 2331 2469 1748 1487 1565 1915 2078 2337 2433 2883 3265 2833 2285 1899 1920 1939 3815 11103 4149 3624 2521 1572 1351 1135 2138 3100 768 234 354 
qimg0028.JPG
D:/1000city/qimage/qimg0028.JPG
281 496 937 1411 2038 2802 3488 4160 4407 3662 3317 3248 3376 2891 2607 2784 2686 2433 2456 2665 3031 2701 2177 2263 2829 7531 2263 896 477 320 149 18 
90 327 754 1150 1542 2187 2832 3408 4077 4299 3397 3517 3400 2913 2663 2473 2667 2745 2378 2326 2604 3534 7265 7020 1748 1413 998 1203 580 667 452 171 
418 553 768 1163 1479 1947 2433 2926 3893 4404 4001 3623 3234 2977 2525 2404 2450 2621 3074 7251 6303 2727 2598 2707 1926 1265 1329 1440 609 435 544 773 
qimg0029.JPG
D:/1000city/qimage/qimg0029.JPG
63 323 741 770 879 1231 1755 2058 2080 2361 3473 4089 2880 2530 2778 2260 2168 1854 1889 1911 1749 1684 1539 1584 1610 2119 1561 887 2195 23185 425 169 
17 138 566 821 915 1147 1398 1520 1831 2155 2729 4840 4085 2652 2564 2383 2299 2209 2159 1872 1550 1521 1515 1626 1748 12744 14738 912 645 772 479 250 
628 586 642 786 1097 1290 1509 1696 2005 2401 2836 3550 4876 3244 2522 2204 2026 1933 2013 1622 1480 2220 14463 11906 2699 1088 734 654 579 655 501 355 
qimg0030.JPG
D:/1000city/qimage/qimg0030.JPG
347 1318 982 879 920 1382 1548 2036 3115 4323 4566 3884 3080 2530 2599 5207 6342 4003 2366 2160 1998 2141 2665 3921 4852 4287 1214 745 742 479 128 41 
209 1071 1033 994 1027 1375 2158 3081 3819 3935 3668 2615 2295 2251 2308 2937 6304 6322 2724 2297 5013 2915 1689 1857 2128 3669 3724 1286 793 641 443 219 
941 1152 1395 1815 2389 2827 2659 3252 2944 2534 2272 2076 2240 2159 2424 5263 7473 6286 3169 1838 1569 1601 1484 1615 1894 2750 4099 2362 936 594 463 325 
qimg0031.JPG
D:/1000city/qimage/qimg0031.JPG
76 188 444 769 1130 1956 2812 3488 3865 3767 3396 3027 2457 2340 2234 2023 1938 2541 2740 2446 3070 3639 6240 3473 2108 2210 10050 2262 86 18 5 2 
14 50 249 658 1028 1822 2708 2581 2863 3450 3716 3652 2899 2254 2058 2057 2050 2035 2636 2643 5918 9067 6570 5592 4351 2741 706 194 163 58 11 6 
221 486 681 1057 1636 1961 1989 2465 3283 3569 3294 3061 2616 2111 2103 4381 8658 5757 3832 2537 2086 2004 2388 3119 5396 2717 2277 772 173 93 29 48 
qimg0032.JPG
D:/1000city/qimage/qimg0032.JPG
364 830 1402 1685 1751 1732 1837 1970 1680 2241 2565 2055 1973 2173 2495 2978 3620 4069 4255 4840 7896 14324 2137 737 605 661 1216 2074 468 121 28 18 
156 608 1097 1316 1629 1514 2072 2003 1769 2670 2256 2068 2285 2344 2691 3395 9337 13419 5826 3275 2710 2140 2053 1645 1097 616 654 840 2499 657 128 31 
494 896 1073 1241 1420 1733 1990 1909 2857 2455 2305 3466 11500 10099 4403 2776 2202 2290 2455 2506 2263 1998 1850 1714 1792 1462 1016 686 832 2158 851 108 
qimg0033.JPG
D:/1000city/qimage/qimg0033.JPG
1805 1952 2526 3096 3303 3576 4039 3409 3245 2873 3248 3623 3704 3945 3861 3791 3743 3459 3660 2606 1418 1284 1112 1087 1574 2311 2140 230 108 65 5 2 
1047 1047 1631 2659 3282 3635 4302 4165 3660 3412 3667 3570 3554 3402 4405 3765 3012 2702 2529 2545 2881 1916 1298 1236 1113 2019 3079 944 163 136 24 0 
1733 1302 2022 2882 4057 4650 4843 5391 4704 4871 3310 2844 2697 2474 2361 2163 2268 2194 2451 2382 2816 2320 1489 1223 1532 1753 2861 920 141 90 54 2 
qimg0034.JPG
D:/1000city/qimage/qimg0034.JPG
2253 2894 2909 2958 2533 2323 2301 2404 2209 1957 2016 1981 2030 2230 2445 2630 3059 3733 4756 7419 8237 3793 2563 3743 778 281 252 97 16 0 0 0 
765 1125 1944 2236 2153 2444 2511 2326 2226 2273 2188 2078 1755 1769 2119 2342 2711 3562 4323 3778 2460 2576 2630 2813 3561 4352 7307 4148 309 16 0 0 
1020 763 1077 1324 1411 1656 1876 2044 2365 2334 2634 3297 4198 5529 3945 1966 1770 1698 1749 1805 1746 1830 1827 1986 1962 1980 2244 2362 3026 5291 6861 1224 
qimg0035.JPG
D:/1000city/qimage/qimg0035.JPG
2101 3315 4548 4981 3661 3324 3911 3241 2853 3329 2345 2085 2558 2727 2455 2058 1833 1771 1745 2114 2200 2467 3456 2245 1604 3657 3485 657 54 11 7 2 
617 2637 5451 4029 2963 2521 2587 2238 2967 4083 3176 3039 2526 2462 2222 2253 1766 1631 1654 1649 3925 4194 3330 2616 2278 2731 3664 965 465 135 20 6 
977 4418 4141 2929 2317 2178 2302 2196 2249 3103 3379 3740 2683 2325 2409 2659 4613 3946 2736 1839 1312 1309 1444 1586 1761 1617 1619 1846 3182 2923 855 207 
qimg0036.JPG
D:/1000city/qimage/qimg0036.JPG
1789 1972 2557 2872 2265 1947 2142 2125 2168 2440 2502 3037 3081 2962 2574 2503 2374 2404 2485 2697 2866 3119 6253 7795 4524 2074 672 266 116 100 85 34 
658 1489 2712 2212 2116 1838 1670 1662 1922 2186 2270 2571 2739 2761 2870 2605 2217 4617 7378 6072 3839 2606 2458 2388 2440 3318 3171 1009 574 212 118 102 
812 2024 1847 1743 1759 1705 1753 1672 1753 1887 2163 2329 3942 7110 6607 5188 3701 2299 1737 1523 1588 1697 2115 2155 2103 2371 2252 1882 2461 2880 1255 487 
qimg0037.JPG
D:/1000city/qimage/qimg0037.JPG
295 1921 2730 3161 3660 4016 3423 3342 3318 3017 2460 2394 2386 2129 2198 1736 892 723 719 729 701 855 942 1031 1175 1133 1510 1554 892 794 3190 17774 
40 856 2169 3035 3752 3709 3490 3491 3238 3137 2813 2394 2223 2509 2349 2435 1225 896 888 905 872 974 964 991 919 1362 2728 2328 3655 4956 3996 7501 
482 1966 2556 3413 3841 3363 3132 3332 2999 2676 2411 2209 2131 2245 2599 2633 1684 1190 1194 1096 1333 2178 2326 2168 2395 2903 3363 3378 3191 3208 1621 1584 
qimg0038.JPG
D:/1000city/qimage/qimg0038.JPG
3130 2496 2478 2814 3143 3318 4108 3496 3432 3312 3171 2885 2786 2816 3217 2791 2427 2840 4124 6832 5708 2251 1960 722 265 122 79 56 18 2 1 0 
412 1090 2073 2364 2348 2559 2797 3535 3513 3071 3004 2859 2976 3067 4742 7131 6664 3334 2426 2347 2553 1900 1434 1348 1171 1208 1689 1939 1010 169 52 15 
321 946 1698 1875 2062 2312 2617 2809 4415 4734 6589 5933 4319 3213 2772 2427 2482 2276 2158 2187 2162 2019 1700 1512 1516 1505 1522 1200 1058 1712 2123 626 
qimg0039.JPG
D:/1000city/qimage/qimg0039.JPG
258 499 1024 1803 3135 3737 3872 3244 2694 2511 2593 2714 2886 2962 2513 2156 1848 1518 1469 1587 5389 6789 6318 6193 4000 1216 474 501 607 236 42 12 
17 78 313 617 1083 1855 2624 3433 3746 3941 3332 3018 2913 2808 2702 5333 6879 7513 6894 4748 3076 2009 1731 1316 797 621 586 592 628 798 476 323 
29 151 429 654 1073 1874 2363 2547 2957 4205 7870 8726 7636 8434 5868 3385 2297 1639 1235 1149 1262 1376 1359 1003 822 747 767 1008 1119 1087 674 1055 
qimg0040.JPG
D:/1000city/qimage/qimg0040.JPG
10542 10215 8014 5412 3267 1883 1317 1148 1122 1139 1121 1255 1470 1884 2318 2862 3131 2495 1997 1897 1009 607 703 919 1050 357 151 126 136 202 552 6499 
694 4741 8583 8482 6432 4745 3114 2014 1455 1180 1125 1131 1220 1221 1379 1558 1953 2439 2973 2994 2488 2112 1174 547 381 369 531 694 880 865 431 6895 
5827 8970 8339 6363 4213 2681 1859 1498 1334 1151 1237 1203 1259 1343 1383 1634 2278 2722 2819 2576 2197 1709 739 444 308 335 401 603 675 904 1002 6794 
qimg0041.JPG
D:/1000city/qimage/qimg0041.JPG
2233 4106 5510 5385 4690 3965 3199 2799 2595 2802 3311 3445 4032 4028 2034 1087 1018 842 747 683 687 735 643 305 313 271 631 1013 1693 4494 5035 2469 
76 776 2060 3320 4545 4628 4093 3952 3438 3230 2962 2803 2752 3350 4079 4390 2687 1562 1018 943 734 637 720 738 751 571 644 852 1133 2384 6101 4871 
474 1452 2680 3885 4873 4385 4015 3786 3500 3214 2805 2583 2865 3578 4110 3712 2110 1187 933 870 662 634 702 786 706 1018 1153 1226 2773 5537 2613 1973 
qimg0042.JPG
D:/1000city/qimage/qimg0042.JPG
2681 5542 7552 6891 5029 3890 3348 3021 3253 3700 3609 3267 2506 1822 1343 1134 884 637 545 487 498 483 232 233 201 211 293 462 3469 5434 3986 157 
69 544 2150 4857 6875 6490 5143 4093 3488 3136 2836 2771 3037 3666 3402 2557 1471 1155 1016 722 667 651 819 519 307 281 244 280 630 5582 5060 2282 
372 1301 3411 6080 7128 5729 4375 3557 3347 2964 2613 2914 3322 3531 2963 1980 1287 1069 890 713 661 711 855 503 359 286 304 1284 5476 3525 3178 112 
qimg0043.JPG
D:/1000city/qimage/qimg0043.JPG
2252 4581 6631 6909 5827 4599 3484 3179 2941 3177 3826 3838 3724 2701 1711 1202 1071 904 653 519 440 443 525 180 181 197 216 247 439 2602 5080 2521 
48 436 1585 3667 5581 6484 5642 4650 3910 3403 3229 2915 2850 3409 4231 3495 2564 1501 1126 1097 743 655 628 702 575 290 221 213 267 770 4616 5297 
308 1016 2603 4906 6437 6138 4865 4027 3642 3266 3068 2819 3020 3895 3682 2848 2119 1252 1050 1009 683 651 666 781 535 322 241 277 1346 4090 3616 1622 
qimg0044.JPG
D:/1000city/qimage/qimg0044.JPG
3186 2828 2651 2996 2865 2503 2494 2481 2611 2919 2892 3498 4289 4783 5073 4873 3765 3068 2917 1663 1628 1264 521 304 184 187 565 1361 1327 1486 1779 1839 
425 1616 2714 2918 2860 2324 2214 2519 2563 2759 2964 3031 3594 4330 5109 5112 4320 3201 3045 3597 3031 2032 1003 491 267 208 231 657 1332 1550 1573 3210 
1905 2961 3287 3091 2703 2615 2949 2982 3078 3516 3772 4387 4565 5089 3789 2768 2577 2729 2939 3145 2010 805 290 221 206 568 1169 1113 1245 1349 1669 1308 
qimg0045.JPG
D:/1000city/qimage/qimg0045.JPG
1303 891 1049 1729 2243 2238 2409 2580 2927 3392 3939 3512 3643 4612 5764 6026 6689 5035 3060 1738 1646 1724 1527 656 292 154 227 732 1015 1134 1619 1295 
473 832 1081 1529 1850 2015 2339 2680 2983 3422 3504 3773 4570 4592 5703 5873 5086 4679 4712 3171 1968 1816 1282 480 248 165 668 851 920 1422 1345 768 
1226 1247 1580 1814 1935 2425 3251 3524 3114 3632 4136 4388 5496 5407 4791 3884 3437 3233 4078 4108 2277 1063 395 249 321 654 718 906 1165 1291 626 429 
qimg0046.JPG
D:/1000city/qimage/qimg0046.JPG
3031 1411 1870 2268 2284 2499 3056 3711 3240 3363 4163 4402 4235 5597 8017 5080 2581 2113 1787 2147 1899 1053 452 320 439 941 1898 1468 1010 453 12 0 
1830 1510 1716 1975 2114 2151 2692 3779 3634 3440 4591 4050 4603 5094 5621 6476 5674 2431 1983 2158 1599 797 335 327 956 2228 1550 983 458 41 4 0 
2537 2083 1878 1904 2596 3380 3294 3790 4600 3595 4032 4358 4899 4718 4225 4764 5854 3299 2079 1476 603 305 453 1523 2064 1107 906 437 38 3 0 0 
qimg0047.JPG
D:/1000city/qimage/qimg0047.JPG
890 2358 4446 6240 5703 4727 4229 3769 3244 2929 2597 2480 2386 2556 2884 3253 3259 2636 1886 1389 1464 1181 821 651 515 442 385 361 218 217 389 6295 
68 348 1659 3425 4580 4880 4012 3482 3441 3404 2844 2913 2850 2810 2636 2844 2626 2712 2859 2507 2571 3368 3056 1361 817 633 535 378 225 206 374 6376 
134 580 1506 2652 3547 4164 4918 4261 3331 2936 2638 2375 2518 2668 2737 2827 2762 3040 2808 2479 2471 2530 2814 3132 1877 860 585 407 258 220 379 6386 
qimg0048.JPG
D:/1000city/qimage/qimg0048.JPG
6138 4887 6001 5797 4928 3987 3517 3499 3763 4284 5378 5302 3637 2741 2311 1432 856 646 522 471 451 419 301 290 149 73 43 57 52 101 326 4441 
670 1736 2640 3347 3826 3916 3719 3985 4366 3630 3282 3208 3338 3090 3267 4220 4780 5664 4435 1576 975 634 596 434 273 106 54 62 49 80 240 4602 
1097 1813 2612 2768 3085 3427 3340 3167 3545 3617 3234 3174 3170 3480 3603 3570 3363 3273 4059 5713 3551 1277 774 569 325 91 81 56 61 118 1124 3663 
qimg0049.JPG
D:/1000city/qimage/qimg0049.JPG
5184 5337 4352 4009 4084 4126 4830 5492 6603 6193 4279 3059 2544 2003 1497 915 749 605 493 383 229 120 93 70 71 83 95 108 563 1422 2125 5084 
908 3283 3520 3200 2965 2491 2250 2417 2946 3068 3459 3569 3772 4478 5212 5540 7158 3120 1507 943 599 274 240 161 90 48 67 240 1019 1738 2212 4306 
2716 3160 2510 2727 2327 2377 2290 2177 2559 2951 2923 3231 3658 3730 3876 4101 4593 4774 4894 3299 1076 563 358 191 103 99 421 1001 1388 2184 2344 2199 
qimg0050.JPG
D:/1000city/qimage/qimg0050.JPG
751 1270 1718 2086 2319 2456 3061 3693 4476 5489 5011 3662 2813 2394 1972 1366 692 431 320 191 138 139 155 148 138 154 190 179 462 1518 3712 23696 
63 373 1089 1563 1961 2170 2209 2763 3772 4813 5337 4449 3796 3087 2688 2287 1902 987 511 256 153 171 164 147 162 190 201 336 835 2363 5332 20670 
357 864 1308 1496 1598 1982 2484 3180 4408 5101 4544 4198 3731 2917 2474 2135 1568 1016 544 261 182 177 140 187 194 299 583 1079 1932 4238 7160 14463 
qimg0051.JPG
D:/1000city/qimage/qimg0051.JPG
4000 3983 4359 4058 3729 4221 4108 3983 4378 3862 3102 2531 2320 2173 1481 913 536 419 327 249 214 197 212 207 200 183 228 331 824 2040 3704 13728 
2926 4609 3732 3758 3680 3392 3436 3885 4318 4367 3698 2914 2528 2386 2078 1390 798 441 321 214 213 206 209 222 210 303 523 1380 2116 4392 6622 5533 
6527 3805 3439 3008 3285 3380 3994 4413 4350 3952 3180 2747 2518 2087 1863 1079 674 376 232 220 193 230 227 334 572 1069 1672 2340 2852 5747 5918 517 
qimg0052.JPG
D:/1000city/qimage/qimg0052.JPG
3 22 119 787 2049 3318 4516 4801 5317 3391 2674 2330 2221 2236 2282 2425 2537 2322 1935 1651 1131 1278 1146 756 741 710 649 641 682 905 1748 19477 
0 3 74 640 1833 2736 4064 3940 4116 4550 3328 2630 2274 2225 2144 2207 2223 2277 2777 2082 1366 1161 1343 1003 773 794 689 655 703 860 1648 19682 
3 24 176 529 1654 4137 3688 2926 2893 2430 2394 2493 2513 2729 2382 2220 2047 2049 2159 2311 2049 1784 1742 1470 1666 1602 1034 773 831 994 1892 19206 
qimg0053.JPG
D:/1000city/qimage/qimg0053.JPG
6 39 258 707 1690 2493 3520 4683 6525 7410 6879 5835 4785 3883 3348 2932 2801 2558 2248 1941 1369 1087 906 656 571 519 525 483 535 653 1058 3897 
0 7 76 350 979 1758 2563 3540 4987 6165 7098 6874 5888 4867 4128 3432 2857 2571 2372 2218 2044 1630 1188 822 646 590 481 477 507 641 994 4050 
0 15 58 258 710 1495 2275 3034 3897 4603 5223 5656 5425 5259 4970 4595 3709 2826 2374 1928 1737 1615 1541 1478 1397 1465 1299 1181 919 873 1269 3716 
qimg0054.JPG
D:/1000city/qimage/qimg0054.JPG
547 1064 1404 2020 2481 2672 3113 3127 2732 3025 3497 3861 4041 3570 3714 3770 3840 4323 6097 4670 2694 1479 885 397 136 67 64 97 101 167 357 6788 
148 568 952 1809 2568 2497 2894 3039 2780 2906 3307 3515 3887 3959 3494 3349 3146 3523 3986 5406 5559 3310 1515 776 220 91 73 100 72 163 273 6915 
415 718 1257 2080 2371 2583 3019 3171 3176 3165 3112 3429 3533 3242 3182 3329 3692 3616 3463 3553 4665 3923 2913 1176 373 120 75 71 85 169 526 6598 
qimg0055.JPG
D:/1000city/qimage/qimg0055.JPG
1366 1542 2227 3289 3555 3673 3180 3135 3481 3832 4023 3832 4299 4562 5214 6142 6213 3911 2418 1391 462 195 93 86 69 68 92 120 120 108 189 3913 
273 841 1933 3021 3076 3658 3055 3125 3268 3852 3845 3832 3939 3832 3677 4105 4914 5739 6277 3589 1582 417 149 70 62 85 103 96 127 96 164 3998 
401 1124 2084 2672 2973 3582 3232 3213 3131 3534 3607 3839 3808 3886 3548 3719 3859 4752 4479 4346 4135 1708 382 84 69 68 104 100 108 142 268 3843 
qimg0056.JPG
D:/1000city/qimage/qimg0056.JPG
1143 1257 1833 3055 3110 3298 2956 3050 3429 3767 4286 4718 4464 4392 5057 5062 5864 5860 3661 1966 825 409 159 137 99 102 97 66 80 120 225 2253 
263 651 1798 2858 2737 2919 2885 2914 3091 3557 4333 4624 4246 4036 4051 3954 4338 4775 5538 5249 3306 1109 335 151 107 77 70 66 92 157 191 2322 
306 851 1937 2746 2769 2920 2705 2945 3099 3496 4001 4376 4042 4081 4316 3452 3442 3746 4306 4157 4125 3481 2002 449 116 76 64 71 102 151 273 2197 
qimg0057.JPG
D:/1000city/qimage/qimg0057.JPG
1010 1714 2243 2609 3179 3084 2735 2950 3287 3436 3832 4017 5038 5482 5981 6398 7071 5685 3286 1026 115 49 24 30 22 25 24 20 25 31 137 2235 
401 812 1491 2650 3146 2502 2623 2594 2765 2924 2700 2592 3340 4286 5408 6291 5301 5824 6217 5851 3648 781 104 26 26 18 27 25 21 27 98 2281 
571 663 1490 2470 2966 2658 2713 2803 2764 2688 2317 2288 2829 3956 5022 5743 5325 5191 5592 5551 4933 3029 654 91 16 18 22 16 28 61 416 1916 
qimg0058.JPG
D:/1000city/qimage/qimg0058.JPG
1698 1988 2590 3197 3353 3695 4097 4424 4211 4308 5061 5417 4893 6127 5373 2641 2253 2336 2113 1222 351 146 73 50 62 73 93 125 147 245 460 3978 
353 1039 1716 2447 3010 3287 3564 3934 4327 4531 4367 4132 4338 4522 5310 6823 4967 2305 1917 1443 1448 1400 352 74 65 78 96 141 144 239 409 4022 
400 944 1471 2149 2741 3207 3565 3873 4170 4023 3819 3851 4098 3507 3756 4249 4353 5226 4994 3188 1501 1155 1106 263 90 84 104 139 181 313 808 3472 
qimg0059.JPG
D:/1000city/qimage/qimg0059.JPG
677 1451 2579 2863 2865 2598 2085 2328 2466 2781 3058 3682 4723 6547 7903 8570 6324 3468 3006 2954 1792 972 498 204 117 76 40 15 14 9 25 110 
111 567 1221 2370 3143 2885 2298 2181 2394 2566 2804 2840 2767 3428 5007 7111 8378 9231 5470 2801 2505 2085 1441 646 240 93 44 15 13 6 12 127 
148 545 832 1569 2199 2384 2752 2770 2693 2549 2762 2747 2726 2626 3063 4017 5055 5684 7063 7141 7293 4804 1714 984 366 126 28 12 4 7 35 102 
qimg0060.JPG
D:/1000city/qimage/qimg0060.JPG
3022 2983 2963 2890 3226 3791 4631 4447 3423 3246 3091 3040 2834 2721 2281 1932 1671 1770 1778 1847 2026 2226 2103 1844 1491 752 419 400 372 432 650 6498 
1651 2433 3235 3103 2777 2879 3435 4148 4278 3474 3076 3340 3131 2882 2708 2187 1745 1726 1695 1744 1923 2208 2167 2010 2106 1694 906 483 387 291 578 6400 
2548 3137 2708 2541 2398 2199 2256 2417 2710 2730 3109 3783 3772 3879 3770 3319 2729 2158 1933 2041 1996 2119 2179 1881 1858 1824 1104 436 320 349 609 5988 
qimg0061.JPG
D:/1000city/qimage/qimg0061.JPG
2145 2875 3791 4166 4844 6480 6951 4901 3338 2738 2550 2781 2787 2327 1558 1534 1417 1570 1591 2070 3681 3853 1315 686 687 846 834 782 656 359 159 528 
1165 2302 4142 4813 3355 3563 5524 6036 4255 3267 3300 2852 2923 3251 2402 1500 1344 1370 1558 1588 1750 3313 4722 1986 859 948 1086 723 262 54 28 559 
1546 3426 3195 2939 2693 2797 2587 2833 2938 3568 4511 5668 5655 4689 2974 1837 1606 1551 1699 1916 2206 3891 4796 1536 1034 884 584 358 148 90 110 535 
qimg0062.JPG
D:/1000city/qimage/qimg0062.JPG
4042 4228 5040 4933 4078 3044 2215 1955 1901 1761 1688 1833 2329 2523 2487 2615 2711 2645 2056 1107 383 143 99 70 66 78 72 98 126 184 688 19602 
676 2238 3769 5117 4562 3870 3331 2858 2367 2292 1922 1740 1836 2355 2468 2526 2452 2654 2746 2266 1205 410 127 83 75 78 72 86 132 158 568 19761 
3330 3517 4642 4645 3847 3271 2718 2085 1971 1777 1593 1683 1733 2324 2463 2409 2376 2506 2574 2246 1330 589 192 90 59 77 84 106 149 246 1206 18962 
qimg0063.JPG
D:/1000city/qimage/qimg0063.JPG
2794 4433 5226 4589 3780 3721 3540 3343 3363 3332 3212 3008 2925 2891 2687 1896 991 568 378 357 304 320 395 415 437 528 589 649 883 1267 2406 11573 
282 2146 4090 5447 4770 4003 3611 3535 3390 3186 2986 3107 3032 2961 2986 2794 2278 1349 679 428 342 383 422 408 476 529 606 716 885 1325 2640 11008 
2449 3336 4287 4671 4024 3598 3551 3206 3056 2852 2896 3049 2990 2962 2882 2741 2201 1281 775 474 408 385 428 413 502 580 660 802 1085 1624 3437 9195 
qimg0064.JPG
D:/1000city/qimage/qimg0064.JPG
1030 1254 1577 2197 2798 3101 3277 3587 4575 6105 7458 6628 5645 3509 2531 2209 1885 1662 1430 1040 1372 691 283 103 76 65 94 146 190 399 2076 7807 
493 934 1209 1617 2211 2858 4477 5599 3388 3189 3467 3685 4312 4543 5366 5593 3371 2297 1822 1481 1874 1586 445 126 76 68 103 153 224 748 6808 2677 
1587 2663 3774 2584 2349 2369 2652 2672 2840 2697 2955 3036 3229 2951 3410 3998 4575 4627 4186 2957 1914 1332 520 117 74 98 142 196 483 6486 3095 232 
qimg0065.JPG
D:/1000city/qimage/qimg0065.JPG
1462 1462 1774 2093 2426 3058 3779 3821 3612 3598 3829 4533 5715 6403 5673 4367 3366 2409 1973 1538 1376 1028 572 323 212 139 99 108 100 156 466 5330 
798 1005 1331 1589 1933 2135 2719 3420 3707 3951 3689 3611 3972 4304 4183 4374 5805 5897 3812 2523 2143 1526 1053 593 283 173 111 87 102 141 403 5427 
1503 1039 1314 1552 1896 2346 2582 2940 3371 3734 3966 3758 3574 3796 3375 3442 3780 3875 3986 4627 4836 2654 1272 811 397 149 83 97 94 141 453 5357 
qimg0066.JPG
D:/1000city/qimage/qimg0066.JPG
1770 1988 3250 3952 4008 3785 3649 3610 4327 4450 4348 4481 4516 4122 3763 2689 2087 1511 1726 2152 1200 342 181 182 151 148 140 287 466 1043 2387 4089 
1381 1707 2815 3789 3881 3478 3559 3341 3706 4185 4254 4242 4420 4358 4247 3705 2725 1936 1888 2320 1416 395 224 188 185 146 271 494 1047 2485 2200 1812 
2849 2490 3075 3627 3446 3395 3328 3362 3662 4034 3857 4246 4315 4269 4464 3531 2756 2238 2295 1793 574 270 196 194 255 410 576 1177 2068 2018 1868 162 
qimg0067.JPG
D:/1000city/qimage/qimg0067.JPG
1187 1698 2186 2916 3412 3534 3482 3770 3451 3459 3504 3581 4299 4397 4106 3204 2415 2349 3378 5566 2615 459 195 171 144 152 159 152 356 1179 1796 3528 
635 1334 1880 2492 3053 3188 3445 3731 3514 3388 3507 3466 3485 4335 4578 4365 3241 2535 3266 5501 3435 587 258 180 191 144 156 303 1179 1935 1914 1579 
1130 1565 1901 2407 2846 3184 3699 3845 3700 3495 3382 3414 3758 4423 4471 4657 3222 3618 5651 3465 875 388 253 216 170 220 550 1445 1604 1714 1190 342 
qimg0068.JPG
D:/1000city/qimage/qimg0068.JPG
2102 1719 2378 2528 3401 3439 3803 3902 4229 4409 4287 4038 3713 3710 3393 2660 2261 2077 2052 1913 1670 1247 482 142 114 69 86 108 132 205 545 9986 
1436 1160 1523 2306 2739 3286 3369 3925 4064 4125 4385 4393 3950 3623 3807 3590 2586 2180 2089 2054 1962 1712 985 310 121 76 95 114 161 229 527 9918 
1214 1083 1328 1904 2416 2976 3526 3468 3646 3813 4063 4393 4360 3832 3557 3550 3016 2344 2113 2019 2171 2044 1609 933 357 132 133 164 241 548 1620 8227 
qimg0069.JPG
D:/1000city/qimage/qimg0069.JPG
1728 2294 2365 2497 2971 3078 3467 3558 3669 4032 3842 3760 3377 2959 3315 4273 5056 4499 4041 3084 796 251 88 69 51 46 63 59 75 143 760 6534 
950 1310 2609 2972 2913 3036 3490 3800 3741 3767 3806 3765 3468 3383 3507 4333 5296 4655 3660 3470 835 183 72 70 38 55 61 76 147 597 1379 5356 
1858 1925 3067 3106 3112 3570 3746 3964 3620 3681 3482 3355 3410 3531 4152 4564 4218 3515 2448 1573 1249 1474 437 61 61 62 68 338 730 1258 2253 2912 
qimg0070.JPG
D:/1000city/qimage/qimg0070.JPG
2358 2424 2016 1938 2080 2257 2625 3131 3431 3612 3644 4082 4274 4514 5105 5675 5648 5531 4139 1883 416 97 55 10 15 14 22 23 42 133 326 5280 
1082 2354 2294 2263 1902 2181 2386 3021 3318 3785 3501 3976 4463 5008 5230 5788 5340 5729 3913 2870 413 91 20 21 8 28 27 31 58 277 1863 3559 
2371 2429 2101 2136 2050 2506 3048 3198 3669 3314 3791 4264 4995 5659 5216 5064 4546 3071 2616 1850 1782 1045 222 12 34 27 35 96 360 1778 2002 1513 
qimg0071.JPG
D:/1000city/qimage/qimg0071.JPG
904 820 1434 2124 2810 3610 4243 4640 4973 5108 4933 4848 4644 4184 3836 3362 2999 2808 2680 2216 1590 1310 1136 950 727 733 1656 529 398 326 214 55 
146 206 436 749 1189 1783 2527 3120 3545 3944 4521 4654 4843 4947 4822 4456 3989 3727 3412 3034 3208 3392 2070 1939 2076 1087 651 525 524 451 390 437 
93 100 198 403 729 1101 1554 2069 2599 2828 3253 3679 4018 4403 4641 5391 5275 4691 4083 3592 3251 2712 2420 2358 2251 1928 1459 1293 1190 1153 1117 968 
qimg0072.JPG
D:/1000city/qimage/qimg0072.JPG
1542 2629 2653 2752 2549 2350 2407 2783 2965 2689 2482 2669 2813 2952 2787 2714 2542 2520 2829 3720 3197 4127 4712 3112 1792 1242 1055 799 1923 1279 179 36 
308 1303 2304 2369 2452 2348 2211 2382 2576 2754 2312 2181 2145 2250 2600 2894 2770 2635 2350 2391 2525 2721 3888 4413 6427 4905 2880 1465 925 574 295 247 
283 902 2007 2169 2273 2487 2394 2166 2201 2113 2252 2147 1924 2055 2189 2796 2796 2938 2938 4076 3378 2602 2393 2894 3656 3408 4612 3856 2219 1306 757 613 
qimg0073.JPG
D:/1000city/qimage/qimg0073.JPG
313 694 1165 1605 1795 1670 2283 2782 2883 2153 2148 2143 2395 2490 2559 2752 2888 3126 3293 3010 2795 3228 3820 2847 1404 1097 1074 3001 6757 5470 1001 159 
48 300 841 2001 2764 2353 1795 1862 1976 1819 1885 1876 2131 2300 2421 2490 2872 2835 2581 2613 2784 3367 5813 8319 7089 4594 2493 930 508 392 438 310 
550 2007 1382 1482 1577 1710 2016 2032 1849 1889 1844 2014 2103 2406 2757 2843 4171 7639 7387 4539 2781 2314 2337 1759 1878 2263 2862 2620 1968 750 519 552 
qimg0074.JPG
D:/1000city/qimage/qimg0074.JPG
5101 3340 3579 4300 6495 5015 3774 3565 2739 2277 2065 1898 2204 2574 2930 3523 4845 5622 3050 1786 991 575 412 303 217 208 192 245 658 1312 795 210 
2106 2644 2695 3357 6152 5075 3638 3144 2802 2506 2413 1967 1966 1811 1740 1872 1889 1994 2455 2398 2579 3806 5461 4390 1793 1685 817 466 523 173 158 325 
1621 1942 2355 4495 5372 3996 2806 2272 2082 2006 1894 2066 2324 2240 2095 1878 1759 1554 1720 1845 2043 2065 1980 2053 2010 2065 2967 4396 5029 2228 932 710 
qimg0075.JPG
D:/1000city/qimage/qimg0075.JPG
3460 2051 1734 1742 1899 2370 2364 2660 2945 2693 2216 2148 2767 3475 3210 2814 2459 2417 2332 2265 2167 2285 2481 2619 8960 6552 939 335 203 120 73 45 
861 1775 1844 1463 1346 1459 1655 2253 3159 2430 2368 2070 1792 1688 1841 1977 2307 2606 3651 11013 9243 3721 2314 1839 1825 2004 2074 1761 1283 665 302 211 
571 876 1149 1344 1341 1326 1329 2112 2098 1735 1666 1787 2017 2380 8523 7664 2788 1805 1818 1937 2216 2224 2123 2556 3367 4360 3568 2606 2247 1944 1674 1649 
qimg0076.JPG
D:/1000city/qimage/qimg0076.JPG
12767 4330 3191 2878 2529 2597 3170 2739 2382 2594 3347 3842 3561 3053 2761 2539 2485 2410 2370 2257 2460 2697 1494 816 479 323 237 159 133 121 61 18 
6250 4173 3802 3314 3027 2899 3148 2456 2330 2305 2097 2125 2162 2125 2223 2630 3520 5120 3560 2958 2614 2050 1820 1985 2089 1753 1006 564 229 206 157 103 
5520 3567 3689 3427 2932 2678 2472 2322 2282 2264 2157 2533 1840 1544 1345 1403 1617 1784 2095 2429 2805 3227 3856 4198 3470 2185 2253 1957 1333 838 447 331 
qimg0077.JPG
D:/1000city/qimage/qimg0077.JPG
4788 3232 3448 3845 3856 3474 2557 2272 2019 2121 1696 1336 1401 1512 2345 1496 2167 1695 1364 2305 3463 5655 4841 4647 5810 2808 511 99 24 12 1 0 
3559 2645 2369 3353 4227 3595 3178 2676 2769 1917 1470 1335 1390 1607 2559 2958 4610 3462 2566 2008 1407 1211 1221 1574 2495 4381 5710 3753 631 128 27 9 
5437 2391 2990 4056 4248 3245 2787 1839 1617 2657 3267 4487 3217 2202 1783 1523 1362 1262 1318 1597 1505 1054 1126 1116 1387 1736 3179 4499 5569 2035 261 48 
qimg0078.JPG
D:/1000city/qimage/qimg0078.JPG
6119 2102 1868 1890 2189 2788 2547 2164 2010 1911 1822 1869 2062 2111 2122 2165 2112 1913 1730 1581 1523 1502 1805 2330 3647 4839 7550 5607 2498 318 61 45 
4911 2393 1713 1763 1973 2300 2021 1949 1760 1722 1890 1930 1900 1897 1974 2155 2149 2302 2261 2904 4931 7824 5573 4395 2121 2324 2367 1550 1056 518 195 79 
6345 2536 1804 1674 1513 1438 1601 1675 1662 1686 1888 1936 2146 2675 4354 6745 6598 5493 4220 2528 1717 1408 1254 1239 1592 1961 2298 1951 1268 1048 366 181 
qimg0079.JPG
D:/1000city/qimage/qimg0079.JPG
9051 4604 3932 4651 3955 3159 2569 2314 1926 1635 1622 1736 1826 1789 1878 1969 2401 2431 2049 1775 1650 2578 4455 4907 2827 1765 987 253 72 20 9 5 
6447 3931 3815 3775 3776 3738 3478 2746 2131 1670 1504 1425 1503 1640 1640 1735 1865 2214 3998 4856 3080 1748 1439 1687 2573 2811 2582 1985 673 233 75 27 
7861 3793 3620 3484 3048 3093 3130 2691 2312 1734 1593 1470 1753 2930 3145 2862 2161 1976 2064 2442 2542 2029 1440 1262 1951 2310 2543 2586 1905 769 224 77 
qimg0080.JPG
D:/1000city/qimage/qimg0080.JPG
625 1093 1865 2526 2692 2607 2469 2822 2987 2747 2812 2664 2716 2802 2717 2863 3145 3321 3425 4183 4445 5878 9081 2446 513 301 299 225 151 147 173 60 
137 301 626 1224 1944 2302 2417 2494 2253 2346 2361 2592 2947 3371 3105 3020 3182 7871 9210 4638 3595 3990 3863 2982 1818 697 318 313 267 226 234 156 
69 234 445 787 1393 2009 2331 2257 2250 2115 2123 2398 5483 6966 5228 3911 3061 2937 3216 3572 3630 3774 4058 4166 3546 2311 1012 468 302 349 263 136 
qimg0081.JPG
D:/1000city/qimage/qimg0081.JPG
4622 2376 2132 1939 2090 1885 1782 1726 2078 2682 3071 3294 3733 4474 5841 6454 5891 4595 2911 1646 1063 724 707 710 919 3402 2994 519 207 131 108 94 
934 2145 2444 1997 1533 1667 1768 1777 1547 1543 1421 1574 1715 1750 1824 2068 2559 3449 4075 5192 8605 9332 7018 5137 1649 510 420 286 233 226 191 211 
395 857 1279 1703 1916 1692 1397 1573 1794 1791 1678 1773 1721 1488 1785 3589 4056 2907 2197 2206 2665 3286 4364 4645 5438 5618 4784 4841 2326 437 284 315 
qimg0082.JPG
D:/1000city/qimage/qimg0082.JPG
2156 4435 4861 3895 3666 3208 3098 2903 2735 2518 3109 3505 3950 3895 3542 3232 2753 2274 1673 1371 1271 1021 730 707 650 473 312 209 279 400 841 7128 
520 2381 4771 4551 3489 3259 2937 2934 2680 2389 2438 2331 2443 3336 3768 3568 2985 2725 2871 2538 1354 1384 1213 1118 1274 1265 1019 576 390 731 2192 5370 
1307 3461 4131 3337 3102 3207 2896 2616 2303 2471 2159 1978 2367 2140 2733 2986 3289 2888 2474 2520 2805 2256 1620 1448 1700 1953 2826 2484 2324 1323 926 770 
qimg0083.JPG
D:/1000city/qimage/qimg0083.JPG
12675 3201 2426 2818 2025 1365 1132 1113 1195 1245 1238 1411 2135 4182 3502 3087 3711 2387 1610 1402 1426 1403 1836 3407 5113 5885 3449 406 12 0 3 0 
8980 4447 2745 2629 2345 1770 1228 1192 1130 1145 1275 1164 1450 2076 3791 3344 2811 3546 2673 1903 2273 4654 4500 2293 1395 1532 1775 2628 2952 1052 101 1 
12320 3545 2464 1872 1854 1531 1156 1196 1231 1182 1168 1435 2262 3606 3535 3228 5031 5872 3259 2039 1588 1043 912 1021 1027 875 1001 1174 1484 2338 2681 1870 
qimg0084.JPG
D:/1000city/qimage/qimg0084.JPG
1692 1678 2294 2612 2985 3814 4229 4568 4646 3275 2597 3210 3602 3819 3958 3952 3350 2346 1692 1422 1260 1162 1441 1907 3816 4436 787 154 45 27 14 10 
1105 1437 2000 2484 2709 3383 3963 3997 4263 3344 2752 2394 2864 3377 3733 3359 3606 3088 2178 2861 5225 3030 2141 1661 1168 993 1083 1280 1151 115 33 23 
2308 1975 2222 2605 3337 3548 3517 3931 3098 2528 2783 2156 2598 3018 3792 5599 4818 3370 2438 1839 1720 1642 1559 1213 1279 1656 1596 915 871 1040 795 1034 
qimg0085.JPG
D:/1000city/qimage/qimg0085.JPG
1190 1394 2003 2418 2424 2457 2600 2886 3276 3313 2875 3188 3029 2624 2562 2868 2289 1585 1300 1032 1003 995 837 1562 5287 5134 5956 5156 3028 449 54 26 
474 1116 1447 1988 2182 2417 2256 2239 2269 2331 2751 2525 2521 2956 2131 1694 1900 1749 3078 5546 4866 6347 6993 4987 2409 1583 1228 1569 777 302 96 73 
532 961 1473 1983 2403 2001 1789 1671 1831 2206 2390 2732 3189 6145 5230 5781 5605 4358 3202 1651 1425 1716 1822 1915 1343 1301 1515 1985 2794 2443 1017 391 
qimg0086.JPG
D:/1000city/qimage/qimg0086.JPG
991 1671 2287 2806 3169 3386 3955 3706 3190 3060 3170 3896 3896 3573 4351 5323 3499 2359 1581 1211 967 875 739 612 627 576 620 650 509 576 676 8293 
105 527 1541 1657 2104 2845 2987 3421 3473 3174 2722 2684 2356 2485 2757 3375 4353 3444 3655 4631 3300 1934 1303 1152 1050 933 937 887 710 574 869 8855 
179 437 1117 1708 2434 2481 2019 1939 1890 2007 2471 2782 2441 2174 2131 1860 1669 1727 2175 2345 2480 2719 2722 2716 2825 2616 2243 2652 2971 3015 1978 9877 
qimg0087.JPG
D:/1000city/qimage/qimg0087.JPG
1687 1685 1928 2268 2429 2320 2731 3439 3981 4925 4526 3429 3015 2896 3416 3847 3906 4245 4031 2132 1272 1064 797 631 486 492 447 528 1968 4085 1906 288 
373 966 1261 1559 1942 1982 1881 2065 2122 2705 3692 4921 4730 3638 2962 2425 2131 2292 2699 3358 3800 3787 4026 4025 4633 4182 966 456 298 229 276 418 
710 865 927 1085 1347 1544 1668 1797 1697 1671 1926 2593 3509 4895 4688 3795 3263 3142 4357 5341 2903 2164 1857 1870 2536 3070 3130 2977 2912 1485 427 649 
qimg0088.JPG
D:/1000city/qimage/qimg0088.JPG
1267 1463 1628 1963 2333 2192 2319 2974 3547 4545 4415 3802 3234 3383 3215 3779 3676 4007 4005 2239 1274 874 830 800 731 699 739 678 1337 4508 3900 444 
322 909 1204 1377 1487 1924 1943 1865 1985 2589 3280 4273 4619 3749 2938 2730 2814 2318 2540 3005 3437 3562 3706 3529 4857 6670 1335 504 341 246 228 514 
651 777 1017 1051 1151 1311 1553 1654 1571 1788 1796 2122 3111 4355 4695 3583 2959 2716 3688 7438 4097 2428 2340 2172 2267 3005 3170 2683 2977 1470 500 704 
qimg0089.JPG
D:/1000city/qimage/qimg0089.JPG
3378 2427 2798 3352 4280 5082 6465 5979 5398 4334 4038 4189 3800 3463 1791 937 642 463 438 420 423 477 490 435 474 580 785 1524 2870 3696 1124 248 
768 1368 1967 2339 2532 3420 4872 4352 4415 5289 5191 3523 2415 2223 2576 3017 3170 3192 3266 2635 889 755 1055 2211 3612 2817 656 396 416 415 489 559 
664 1375 1994 2143 2700 3251 3071 3100 2916 3283 3912 3873 3733 3000 2117 1883 2146 2832 4146 5419 3155 2751 2751 2635 2280 2007 773 467 515 541 575 792 
qimg0090.JPG
D:/1000city/qimage/qimg0090.JPG
1148 974 1416 1706 2171 1937 1558 1470 1549 1762 2270 2345 2769 4672 5091 7912 6100 4676 2971 2109 2177 2159 1515 1443 1374 2021 4552 4437 479 35 2 0 
272 514 812 1000 1254 1636 2202 1760 1465 1356 1769 1916 1894 1654 1598 1621 2121 2479 2752 4109 8772 11491 11771 5218 1707 895 1057 887 509 236 67 6 
64 164 325 572 726 805 935 1295 1804 2026 1797 1793 1657 1513 1500 2106 2541 3588 5323 4599 3173 2804 2455 2116 2631 3604 6407 8182 7026 1582 1132 555 
qimg0091.JPG
D:/1000city/qimage/qimg0091.JPG
128 264 1261 2145 2360 2450 2822 3826 5539 6732 6789 7039 6732 6218 4545 2417 1319 975 657 592 494 313 298 246 180 198 158 208 289 548 2466 6592 
25 90 334 2514 2446 2127 3093 4477 4755 4896 6450 6344 6576 7112 5865 4193 1470 931 720 641 423 331 248 214 218 210 295 436 1225 5345 2661 135 
74 220 932 2510 2382 2660 3495 4077 4184 4067 4546 5213 5999 5959 5253 5070 3751 2756 1418 560 462 316 275 240 219 299 491 1983 4580 2609 101 99 
qimg0092.JPG
D:/1000city/qimage/qimg0092.JPG
52 137 529 1078 2140 2890 3334 3381 3538 3710 4205 5192 7153 7631 5126 3745 3079 2108 1687 1335 1156 1003 1000 894 750 432 252 183 226 277 458 8119 
3 47 279 865 1714 2624 3399 3360 3519 3688 3781 3973 3999 3679 4240 6480 6869 4405 2669 2279 1781 1357 1003 798 457 202 141 156 248 261 501 8023 
4 59 293 921 1755 2304 3366 3457 3557 3643 3813 3842 3807 3535 3281 3612 4235 5511 6315 4625 2626 1444 702 406 251 150 119 172 259 273 673 7790 
qimg0093.JPG
D:/1000city/qimage/qimg0093.JPG
424 1610 2309 2795 2905 3018 3340 3669 3476 3150 3097 3311 3219 3422 4523 5002 3771 2017 951 529 256 151 143 117 128 145 137 164 214 258 476 18073 
94 1126 2216 2955 3128 3268 3779 3917 3417 3175 3054 2997 2973 3317 3649 4654 4816 2553 1086 559 215 150 111 113 124 131 144 173 226 271 590 17819 
984 1659 2520 2985 3083 2976 3080 3248 3153 3235 3288 3534 3645 3918 3474 3416 3435 2966 1474 622 330 186 113 116 124 138 155 202 225 447 4197 13872 
qimg0094.JPG
D:/1000city/qimage/qimg0094.JPG
47 197 395 845 1690 2457 2720 3573 4378 5064 10386 14855 8351 2884 1816 1431 1099 942 839 561 439 523 453 374 284 242 199 123 109 182 527 8815 
10 89 315 637 1325 1938 2665 2782 3586 4339 5613 10316 16594 7249 2306 1520 1267 988 741 484 498 516 402 332 260 232 96 100 123 192 595 8690 
52 110 281 860 1315 1529 2075 2389 2688 2853 2914 3481 3666 4529 6478 11760 13338 3872 661 514 454 344 376 244 178 109 71 116 139 245 805 8354 
qimg0095.JPG
D:/1000city/qimage/qimg0095.JPG
507 570 878 1051 1342 2236 2903 3265 4188 6495 6565 5477 4405 2879 1987 2050 2416 3366 3827 3893 3330 2812 2514 1083 525 363 345 294 99 97 311 4727 
393 752 970 1071 1344 2359 3161 4840 6928 7284 6062 4406 2364 2155 2360 2692 3294 2936 1962 1326 1894 2773 2751 3494 1457 423 123 75 54 117 307 4673 
917 893 938 1495 2600 3399 5456 7452 7493 5031 3939 2148 2084 2442 3636 3721 2429 1452 1095 1558 2367 2585 3025 2889 441 108 72 89 107 211 742 3986 
qimg0096.JPG
D:/1000city/qimage/qimg0096.JPG
706 1039 1265 1287 1399 1857 2662 4197 4903 3667 2803 2513 2323 2406 2657 3681 4512 4763 5013 4370 2343 541 145 121 106 116 97 149 155 252 675 14077 
409 1174 1377 1712 1440 1522 1541 2008 3788 5864 4994 3221 2407 2628 3154 4470 4522 5433 5309 3330 582 163 139 91 113 97 145 229 473 1018 3128 10319 
853 950 1289 1666 1640 1676 1799 2299 2969 3327 4427 5236 5040 4559 4786 4673 4839 5141 2903 751 265 149 103 106 130 246 467 711 1472 4686 7407 235 
qimg0097.JPG
D:/1000city/qimage/qimg0097.JPG
1100 1901 2846 3238 3141 3174 2914 2836 2965 3364 3609 3870 4227 4313 3997 3343 2871 2594 2396 2065 1968 1599 1284 1104 1139 1073 373 215 161 181 539 6400 
140 889 1917 2670 3008 3364 3548 3227 3545 3676 3899 3659 3694 4069 4334 4230 3903 3184 2631 2297 1970 1290 1057 1090 1341 560 248 139 126 184 550 6361 
1381 2331 3034 3644 3763 3487 3174 2803 2753 3000 3175 3254 3596 4141 4570 4754 4006 3172 2455 1808 1251 1032 1098 1252 316 176 117 86 137 263 949 5822 
qimg0098.JPG
D:/1000city/qimage/qimg0098.JPG
1633 2221 2149 2481 2915 3246 3337 3283 3151 3248 3079 3327 3487 3891 5025 5980 5487 4695 3077 1359 848 256 380 463 405 162 82 121 566 1157 1020 4269 
963 1528 2571 2639 2968 3022 2990 3057 2803 2936 3294 3267 3348 3422 3602 4098 4949 4815 5419 3769 2362 860 583 229 90 107 548 873 913 1027 1925 1823 
2258 2226 2963 2877 2887 2707 2922 2721 2580 3109 3239 3316 3276 3133 3253 3703 4393 4952 5030 3722 2864 1287 129 131 623 800 814 680 1316 1444 1395 50 
qimg0099.JPG
D:/1000city/qimage/qimg0099.JPG
1869 2418 2136 2594 2886 3012 3241 3410 3501 3399 3127 3237 3375 3956 5228 5928 5819 4446 3528 1745 804 358 72 48 42 51 73 125 318 800 1314 3940 
1135 1698 2675 2537 2784 2901 3065 3392 3188 3156 3310 3247 3076 3067 3458 4253 5244 5452 4945 3672 2815 893 168 35 56 77 302 694 879 874 1516 2236 
2556 2433 2654 2691 2757 2910 3076 3170 2846 3117 3096 3047 2904 2832 3397 4165 4936 5160 4774 3127 2555 1844 140 70 343 647 816 680 917 1203 1836 101 
qimg0100.JPG
D:/1000city/qimage/qimg0100.JPG
116 270 754 1274 1973 2682 3729 4034 4138 5303 7410 8161 5687 3409 2435 2191 2499 2172 1845 965 371 192 203 197 235 96 42 45 59 93 247 13973 
21 123 423 1102 1501 1968 2710 3404 4175 5673 5942 4500 3602 4291 5923 6328 3592 2415 1897 1223 598 255 244 260 138 48 40 35 69 95 275 13930 
298 386 914 1226 1562 1705 2300 2968 3403 4249 4702 4805 3966 3674 3671 3842 5523 6196 3887 1404 717 409 299 144 77 37 32 38 82 131 360 13793 
qimg0101.JPG
D:/1000city/qimage/qimg0101.JPG
888 1692 1892 2283 2894 2755 3027 3080 3304 3800 3974 4073 3020 2572 2295 2090 2251 2415 2085 1779 1945 1430 499 212 158 145 114 172 194 219 615 18928 
382 1385 1601 2060 2622 2791 3092 3053 2964 3265 3501 3690 3904 3989 2508 2216 2197 2681 2705 2652 1507 838 503 241 152 100 130 172 166 217 643 18873 
507 1409 1947 2332 2788 3049 3366 3014 3411 3595 3559 3965 3683 3134 2378 2173 2397 2784 3030 1806 904 640 405 192 112 93 133 151 179 316 1263 18085 
qimg0102.JPG
D:/1000city/qimage/qimg0102.JPG
2681 2779 2590 2494 2673 2843 2979 2976 3038 3004 3063 3290 3842 4545 4850 5371 4825 4865 3628 2761 2216 822 287 142 103 88 103 102 114 139 358 3229 
641 2278 2861 2729 2758 2848 2816 2953 2850 2897 2963 3321 3427 3924 4316 5196 5197 5382 5027 3671 2599 1445 399 153 89 91 96 101 111 193 360 3108 
2592 2255 2073 2252 2515 2857 2889 2982 2930 3022 2864 3062 3467 3684 3999 4508 4810 4989 4311 4302 4043 1836 368 124 102 90 95 126 224 376 502 2551 
qimg0103.JPG
D:/1000city/qimage/qimg0103.JPG
2650 4052 3925 3255 2953 2615 2123 2109 2200 2528 2857 3211 3742 4892 4705 3391 1455 948 742 556 599 770 966 888 618 480 467 376 346 480 1178 14723 
453 2199 3866 4063 3471 2956 2578 2253 2015 2039 2303 2512 2890 3511 3563 4791 5103 2571 1409 657 761 978 1071 652 496 446 363 316 311 444 1213 14546 
1445 3440 3399 2847 2529 2219 2025 1846 1845 1780 1993 2058 2174 2008 2299 2519 2515 2631 3320 4647 5112 2803 1242 572 389 318 276 237 259 446 1285 14322 
qimg0104.JPG
D:/1000city/qimage/qimg0104.JPG
4602 4291 3776 2961 2744 2830 2572 2808 3510 4727 6014 5298 3493 3973 2886 2857 1257 501 541 534 507 536 540 503 435 372 297 270 271 331 870 9693 
1937 3142 3705 3750 3206 3127 2700 2245 2253 2522 3657 4286 5555 5579 3792 3706 3129 2765 791 598 577 606 543 481 364 293 298 227 204 285 719 9758 
3346 3253 2771 2078 1978 2036 1989 2230 2419 2738 2197 2008 2149 2603 3589 4705 5658 4671 3478 3247 3080 2272 461 309 296 228 142 153 183 347 1280 8906 
qimg0105.JPG
D:/1000city/qimage/qimg0105.JPG
1771 1951 1591 1844 2274 2643 3031 2925 2838 3403 4020 4877 6287 7397 6331 4373 4262 3976 3100 2079 1267 372 128 94 65 52 37 36 45 85 385 3261 
796 1632 1965 2083 2362 2805 2853 2900 2580 2929 3767 4036 5318 6526 7771 6388 4542 4428 3371 2089 1172 368 118 71 57 33 45 29 69 204 1318 2175 
1275 1959 1971 1985 2378 2749 2666 2228 2066 2147 2380 2955 3423 4424 5142 6385 7470 7182 5955 4027 1551 430 125 63 36 40 45 119 624 1149 1456 395 
qimg0106.JPG
D:/1000city/qimage/qimg0106.JPG
2777 2303 2015 2130 2783 2941 2762 3022 3546 3929 4482 5028 6524 6337 4395 3690 3447 2645 1770 791 219 119 77 61 77 101 144 202 551 1413 2102 4417 
1428 2379 2287 2153 2583 2920 2787 2793 3034 3547 4004 4540 5326 6336 6830 4112 3975 3184 1984 1103 283 110 74 74 106 138 275 787 1374 2030 1910 2334 
3086 2575 2062 2297 2694 2620 2253 2402 2712 2936 3090 3777 4529 4345 5358 5854 5451 4734 3338 1269 327 114 122 149 319 1022 1363 1386 1708 1279 1329 300 
qimg0107.JPG
D:/1000city/qimage/qimg0107.JPG
2620 2384 2520 3288 3513 3755 3884 3982 3578 3699 4203 4539 3801 3139 2041 1062 938 735 562 504 416 338 209 165 156 121 131 127 145 166 525 19554 
711 1937 2873 3077 2876 3001 3326 3795 3854 3643 3407 3542 3934 4196 3760 3107 1769 910 662 510 392 279 177 150 149 123 118 129 149 200 688 19356 
741 1494 2595 2847 2614 2565 2644 2763 2966 3451 3637 3663 3645 3511 3389 3744 3343 2632 1961 843 404 264 170 134 102 97 113 149 174 494 1374 18277 
qimg0108.JPG
D:/1000city/qimage/qimg0108.JPG
162 480 1048 1852 2468 3297 3776 4022 4263 4538 4792 4770 5223 5894 6303 6008 5156 2319 1571 1135 930 596 414 362 243 204 184 166 157 101 278 4088 
35 190 612 1509 2295 2625 3052 3558 3862 4335 4639 4773 4662 5017 5062 5605 6236 5548 4313 1433 756 556 455 324 247 233 182 157 101 79 260 4089 
56 129 400 1389 2090 2339 2520 2526 2733 2985 3271 3763 4583 5134 5231 5386 5398 5165 5086 4720 4371 1594 447 320 264 188 161 103 85 127 600 3636 
qimg0109.JPG
D:/1000city/qimage/qimg0109.JPG
2631 4054 4059 3694 3681 3721 3931 3915 3923 3590 3327 3144 2799 2749 2998 2606 2252 1753 1353 1218 1244 1271 1280 1077 1114 936 715 490 369 515 945 5446 
1069 3246 4275 4182 3571 3743 3996 3981 3848 3718 3088 2817 3023 2898 2594 2554 2546 2337 2077 1628 1356 1334 1253 1269 1368 1035 646 428 474 903 1236 4307 
2626 3710 4115 3402 3500 3929 4039 3897 3550 3287 2858 2764 2883 2959 2700 2379 2363 2336 2317 2061 1839 1335 1289 1290 1165 891 603 805 882 1142 1215 2669 
qimg0110.JPG
D:/1000city/qimage/qimg0110.JPG
1404 2106 3150 3514 4021 4430 4231 3614 3214 3030 3705 4415 4601 4614 3400 2944 2374 2217 2498 2504 2510 2637 2191 1721 690 170 60 71 90 168 166 340 
751 1631 2388 3376 4003 4421 4593 3399 2722 2493 2789 3253 4100 4927 4694 4284 3252 2789 2463 2970 3076 3007 2637 1328 456 121 82 96 159 153 123 264 
1543 2008 2448 3577 4622 4332 4030 2959 2620 2650 2628 3013 3701 4163 4464 4656 4304 3500 3211 3044 2875 2626 1780 765 279 231 210 166 101 104 177 13 
qimg0111.JPG
D:/1000city/qimage/qimg0111.JPG
1244 2179 2904 3119 3605 3646 3410 2715 2343 2190 1990 2018 2430 2631 3042 3598 3611 3888 4587 3663 4116 3203 1565 1356 1300 949 729 491 393 491 812 2582 
207 971 2089 2808 3354 3723 3581 3509 2898 2459 2216 2039 2210 2692 3112 3245 3506 4437 4825 3926 4426 3579 1951 1624 1294 987 585 456 381 464 800 2446 
1030 1990 2783 3611 3432 3306 3181 3037 2603 2182 2012 2192 2467 2763 3087 3456 3546 3506 4106 4137 3774 2989 3682 2031 916 644 501 414 513 828 1167 914 
qimg0112.JPG
D:/1000city/qimage/qimg0112.JPG
363 580 1043 2423 3359 3796 4773 5748 6525 5440 4789 3786 4094 1876 699 698 766 829 975 1234 1237 1135 859 679 437 321 352 310 380 444 824 16026 
164 456 1055 2591 3744 4427 5817 6534 6032 6297 4664 3800 1951 875 820 781 828 868 1125 1253 1267 1182 870 619 433 310 332 327 354 456 771 15797 
364 567 919 1545 2185 2607 2994 3381 3541 2854 2272 2669 2857 3601 4929 4568 4325 4958 2511 1255 1045 903 920 653 426 351 320 366 492 670 1755 13997 
qimg0113.JPG
D:/1000city/qimage/qimg0113.JPG
122 1310 3325 3180 2797 2420 2740 2945 2779 2690 2632 2840 2996 2985 2347 2005 1710 1791 2044 1554 1441 1065 491 285 238 161 117 115 122 194 437 24922 
19 355 2391 3525 2827 2552 2902 3141 2850 2670 2602 2844 2973 3054 2980 2192 1648 1473 1690 1730 1436 1432 940 332 243 145 115 112 147 189 464 24827 
549 2198 2782 2469 2465 2791 2833 2570 2277 2284 2346 2549 2770 2791 2632 2392 1959 1631 1958 1874 1532 1396 1178 401 250 156 97 117 151 240 650 24512 
qimg0114.JPG
D:/1000city/qimage/qimg0114.JPG
1 25 495 2710 3936 3447 3010 3349 3532 3469 3237 3344 3577 4142 4288 3779 3419 2808 2552 2516 2832 2544 2013 1701 800 514 299 209 171 205 436 7440 
0 8 223 1769 3298 3422 3605 3715 3863 3765 3039 3246 3551 3956 4263 4020 3330 2682 2530 2552 2226 2532 2258 2099 1524 579 351 210 156 200 515 7313 
1 244 1703 2815 3254 3376 3580 3263 3039 2503 2478 2858 2988 3586 4092 4029 3590 3219 2830 2475 2369 2625 2630 2239 1518 809 388 220 164 286 773 6856 
qimg0115.JPG
D:/1000city/qimage/qimg0115.JPG
3322 3483 3333 3381 2944 2856 2978 2933 3165 3510 3788 4103 4499 4961 4328 3929 3297 2326 1712 1271 1561 1740 1670 1414 783 240 97 75 62 69 213 2757 
1346 3052 3203 3619 3228 3112 3015 2755 3039 3186 3130 3426 3598 3920 4232 4348 3932 3454 2632 2135 2472 2106 1671 1404 1183 364 100 75 49 63 202 2749 
3083 2391 2843 3564 3252 3274 3063 3060 3177 3035 3353 3451 3552 3725 3891 3665 3044 2686 2295 2698 2676 2590 2457 2081 522 217 83 55 43 93 389 2492 
